{
 "cells": [
  {
   "cell_type": "markdown",
   "metadata": {},
   "source": [
    "## Get the color histogram from a chroms data sample"
   ]
  },
  {
   "cell_type": "code",
   "execution_count": 2,
   "metadata": {},
   "outputs": [],
   "source": [
    "import numpy as np\n",
    "from tifffile import imread\n",
    "\n",
    "sample_path = \"../example_data/chroms_data_sample.tif\"\n",
    "chroms_data = imread(sample_path)\n",
    "chroms_data = chroms_data - np.power(2,15)"
   ]
  },
  {
   "cell_type": "code",
   "execution_count": 3,
   "metadata": {},
   "outputs": [],
   "source": [
    "import napari \n",
    "viewer = napari.Viewer()\n",
    "color_dict = {0: 'red', 1: 'green', 2: 'blue'}\n",
    "for c in range(3):\n",
    "    viewer.add_image(chroms_data[:,c,:,:], colormap=color_dict[c], blending='additive', name=color_dict[c])"
   ]
  },
  {
   "cell_type": "code",
   "execution_count": 5,
   "metadata": {},
   "outputs": [
    {
     "data": {
      "text/plain": [
       "(20, 3, 251, 256)"
      ]
     },
     "execution_count": 5,
     "metadata": {},
     "output_type": "execute_result"
    }
   ],
   "source": [
    "median_data = np.zeros_like(chroms_data)\n",
    "median_data.shape"
   ]
  },
  {
   "cell_type": "code",
   "execution_count": 6,
   "metadata": {},
   "outputs": [],
   "source": [
    "from skimage import filters, morphology\n",
    "\n",
    "median_data = np.zeros_like(chroms_data)\n",
    "for chan in range(3):\n",
    "    median_data[:,chan,:,:] = filters.median(chroms_data[:,chan,:,:], morphology.ball(2))"
   ]
  },
  {
   "cell_type": "code",
   "execution_count": 91,
   "metadata": {},
   "outputs": [],
   "source": [
    "import napari \n",
    "viewer = napari.Viewer()\n",
    "color_dict = {0: 'red', 1: 'green', 2: 'blue'}\n",
    "for c in range(3):\n",
    "    viewer.add_image(median_data[:,c,:,:], colormap=color_dict[c], blending='additive', name=color_dict[c])"
   ]
  },
  {
   "cell_type": "code",
   "execution_count": 76,
   "metadata": {},
   "outputs": [
    {
     "data": {
      "text/plain": [
       "array([[  274, 14793],\n",
       "       [   69,  7897],\n",
       "       [   65, 18005]], dtype=int16)"
      ]
     },
     "execution_count": 76,
     "metadata": {},
     "output_type": "execute_result"
    }
   ],
   "source": [
    "color_limit = np.zeros((3,2), dtype=np.int16)\n",
    "color_limit[:,0] = np.min(chroms_data, axis=(0,2,3)).astype(np.int16)\n",
    "color_limit[:,1] = np.max(chroms_data, axis=(0,2,3)).astype(np.int16)\n",
    "\n",
    "color_limit"
   ]
  },
  {
   "cell_type": "code",
   "execution_count": 77,
   "metadata": {},
   "outputs": [],
   "source": [
    "bin = 10\n",
    "red_axe = np.linspace(color_limit[0,0], color_limit[0,1]-bin, ((color_limit[0,1] - color_limit[0,0]) // bin), dtype=np.int16)\n",
    "green_axe = np.linspace(color_limit[1,0], color_limit[1,1]-bin, ((color_limit[1,1] - color_limit[1,0]) // bin), dtype=np.int16)\n",
    "blue_axe = np.linspace(color_limit[2,0], color_limit[2,1]-bin, ((color_limit[2,1] - color_limit[2,0]) // bin), dtype=np.int16)"
   ]
  },
  {
   "cell_type": "code",
   "execution_count": 78,
   "metadata": {},
   "outputs": [
    {
     "data": {
      "text/plain": [
       "(1451,)"
      ]
     },
     "execution_count": 78,
     "metadata": {},
     "output_type": "execute_result"
    }
   ],
   "source": [
    "red_axe.shape"
   ]
  },
  {
   "cell_type": "code",
   "execution_count": 314,
   "metadata": {},
   "outputs": [
    {
     "data": {
      "text/plain": [
       "(1285120, 3)"
      ]
     },
     "execution_count": 314,
     "metadata": {},
     "output_type": "execute_result"
    }
   ],
   "source": [
    "red_pixel = chroms_data[:, 0, :, :].flatten()\n",
    "green_pixel = chroms_data[:, 1, :, :].flatten()\n",
    "blue_pixel = chroms_data[:, 2, :, :].flatten()\n",
    "\n",
    "color_limit = np.percentile(chroms_data,q=(0.01,99.99), axis=(0,2,3)).astype(np.int16)\n",
    "\n",
    "red_pixel = np.clip(red_pixel, a_min=color_limit[0,0], a_max=color_limit[1,0], dtype=np.float32)\n",
    "green_pixel = np.clip(green_pixel, a_min=color_limit[0,1], a_max=color_limit[1,1], dtype=np.float32)\n",
    "blue_pixel = np.clip(blue_pixel, a_min=color_limit[0,2], a_max=color_limit[1,2], dtype=np.float32)\n",
    "\n",
    "red_pixel *= (255/red_pixel.max())\n",
    "green_pixel *= (255/green_pixel.max())\n",
    "blue_pixel *= (255/blue_pixel.max())\n",
    "\n",
    "chroms_data_flat = np.stack([red_pixel, green_pixel, blue_pixel]).T\n",
    "chroms_data_flat.shape"
   ]
  },
  {
   "cell_type": "code",
   "execution_count": 315,
   "metadata": {},
   "outputs": [],
   "source": [
    "H, edges = np.histogramdd(\n",
    "    chroms_data_flat,\n",
    "    bins = 255,\n",
    "    range = ((0,255), (0,255),(0,255)), \n",
    "    density = False\n",
    ")"
   ]
  },
  {
   "cell_type": "code",
   "execution_count": 351,
   "metadata": {},
   "outputs": [
    {
     "data": {
      "text/plain": [
       "<Image layer 'H' at 0x207511f0d60>"
      ]
     },
     "execution_count": 351,
     "metadata": {},
     "output_type": "execute_result"
    }
   ],
   "source": [
    "import napari \n",
    "\n",
    "viewer = napari.Viewer()\n",
    "viewer.add_image(H, colormap='viridis', blending='additive')\n",
    "# viewer.add_image(H==255)"
   ]
  },
  {
   "cell_type": "code",
   "execution_count": 212,
   "metadata": {},
   "outputs": [],
   "source": [
    "H_scale = np.zeros_like(H)\n",
    "for i in range(H.shape[0]):\n",
    "    for j in range(H.shape[1]):\n",
    "        for k in range(H.shape[2]):\n",
    "            if i == j == k:\n",
    "                H_scale[i,j,k] = 1"
   ]
  },
  {
   "cell_type": "code",
   "execution_count": 213,
   "metadata": {},
   "outputs": [
    {
     "data": {
      "text/plain": [
       "<Image layer 'H_scale' at 0x208cf68de50>"
      ]
     },
     "execution_count": 213,
     "metadata": {},
     "output_type": "execute_result"
    }
   ],
   "source": [
    "viewer = napari.Viewer()\n",
    "viewer.add_image(H_scale)\n",
    "# viewer.add_image(H_scale == 255)"
   ]
  },
  {
   "cell_type": "code",
   "execution_count": 344,
   "metadata": {},
   "outputs": [],
   "source": [
    "from scipy.ndimage import rotate\n",
    "\n",
    "\n",
    "def align_cube(matrix):\n",
    "    matrix = rotate(matrix, 45, axes=(0,1), reshape=True)\n",
    "    matrix = rotate(matrix, np.arccos(np.sqrt(1/3)) * 180/np.pi, axes=(1,2), reshape=True)\n",
    "    matrix = rotate(matrix, 30, axes=(0,1), reshape=True)\n",
    "    # rotated_H = rotate(rot2_H, 45, axes=(0,1), reshape=True)\n",
    "    return matrix"
   ]
  },
  {
   "cell_type": "code",
   "execution_count": 345,
   "metadata": {},
   "outputs": [],
   "source": [
    "aligned_H = align_cube(H)\n",
    "mask_aligned_H = align_cube(np.ones_like(H))"
   ]
  },
  {
   "cell_type": "code",
   "execution_count": 352,
   "metadata": {},
   "outputs": [],
   "source": [
    "ternary_H = np.sum(aligned_H, axis=2)\n",
    "mask_ternary_H = np.sum(mask_aligned_H[:,:,:], axis=2)"
   ]
  },
  {
   "cell_type": "code",
   "execution_count": 354,
   "metadata": {},
   "outputs": [
    {
     "data": {
      "text/plain": [
       "<Image layer 'aligned_H' at 0x207e9738130>"
      ]
     },
     "execution_count": 354,
     "metadata": {},
     "output_type": "execute_result"
    }
   ],
   "source": [
    "viewer = napari.Viewer()\n",
    "\n",
    "viewer.add_image(aligned_H, colormap='viridis', blending='additive')\n"
   ]
  },
  {
   "cell_type": "code",
   "execution_count": 353,
   "metadata": {},
   "outputs": [
    {
     "data": {
      "text/plain": [
       "<Image layer 'mask_ternary_H' at 0x2074a123c70>"
      ]
     },
     "execution_count": 353,
     "metadata": {},
     "output_type": "execute_result"
    }
   ],
   "source": [
    "viewer = napari.Viewer()\n",
    "\n",
    "viewer.add_image(ternary_H, colormap='viridis', blending='additive')\n",
    "viewer.add_image(mask_ternary_H, colormap='viridis', blending='additive')"
   ]
  },
  {
   "cell_type": "code",
   "execution_count": 281,
   "metadata": {},
   "outputs": [
    {
     "name": "stdout",
     "output_type": "stream",
     "text": [
      "0.0 0.0 1.0\n",
      "0.0 0.00392156862745098 0.996078431372549\n",
      "0.0 0.00784313725490196 0.9921568627450981\n",
      "0.0 0.011764705882352941 0.9882352941176471\n",
      "0.0 0.01568627450980392 0.984313725490196\n",
      "0.0 0.0196078431372549 0.9803921568627451\n",
      "0.0 0.023529411764705882 0.9764705882352941\n",
      "0.0 0.027450980392156862 0.9725490196078431\n",
      "0.0 0.03137254901960784 0.9686274509803922\n",
      "0.0 0.03529411764705882 0.9647058823529412\n",
      "0.0 0.0392156862745098 0.9607843137254902\n",
      "0.0 0.043137254901960784 0.9568627450980393\n",
      "0.0 0.047058823529411764 0.9529411764705882\n",
      "0.0 0.050980392156862744 0.9490196078431372\n",
      "0.0 0.054901960784313725 0.9450980392156862\n",
      "0.0 0.058823529411764705 0.9411764705882353\n",
      "0.0 0.06274509803921569 0.9372549019607843\n",
      "0.0 0.06666666666666667 0.9333333333333333\n",
      "0.0 0.07058823529411765 0.9294117647058824\n",
      "0.0 0.07450980392156863 0.9254901960784314\n",
      "0.0 0.0784313725490196 0.9215686274509803\n",
      "0.0 0.08235294117647059 0.9176470588235294\n",
      "0.0 0.08627450980392157 0.9137254901960784\n",
      "0.0 0.09019607843137255 0.9098039215686274\n",
      "0.0 0.09411764705882353 0.9058823529411765\n",
      "0.0 0.09803921568627451 0.9019607843137255\n",
      "0.0 0.10196078431372549 0.8980392156862745\n",
      "0.0 0.10588235294117647 0.8941176470588236\n",
      "0.0 0.10980392156862745 0.8901960784313725\n",
      "0.0 0.11372549019607843 0.8862745098039215\n",
      "0.0 0.11764705882352941 0.8823529411764706\n",
      "0.0 0.12156862745098039 0.8784313725490196\n",
      "0.0 0.12549019607843137 0.8745098039215686\n",
      "0.0 0.12941176470588237 0.8705882352941177\n",
      "0.0 0.13333333333333333 0.8666666666666667\n",
      "0.0 0.13725490196078433 0.8627450980392157\n",
      "0.0 0.1411764705882353 0.8588235294117647\n",
      "0.0 0.1450980392156863 0.8549019607843137\n",
      "0.0 0.14901960784313725 0.8509803921568627\n",
      "0.0 0.15294117647058825 0.8470588235294118\n",
      "0.0 0.1568627450980392 0.8431372549019608\n",
      "0.0 0.1607843137254902 0.8392156862745098\n",
      "0.0 0.16470588235294117 0.8352941176470589\n",
      "0.0 0.16862745098039217 0.8313725490196079\n",
      "0.0 0.17254901960784313 0.8274509803921568\n",
      "0.0 0.17647058823529413 0.8235294117647058\n",
      "0.0 0.1803921568627451 0.8196078431372549\n",
      "0.0 0.1843137254901961 0.8156862745098039\n",
      "0.0 0.18823529411764706 0.8117647058823529\n",
      "0.0 0.19215686274509805 0.807843137254902\n",
      "0.0 0.19607843137254902 0.803921568627451\n",
      "0.0 0.2 0.8\n",
      "0.0 0.20392156862745098 0.796078431372549\n",
      "0.0 0.20784313725490197 0.792156862745098\n",
      "0.0 0.21176470588235294 0.788235294117647\n",
      "0.0 0.21568627450980393 0.7843137254901961\n",
      "0.0 0.2196078431372549 0.7803921568627451\n",
      "0.0 0.2235294117647059 0.7764705882352941\n",
      "0.0 0.22745098039215686 0.7725490196078432\n",
      "0.0 0.23137254901960785 0.7686274509803922\n",
      "0.0 0.23529411764705882 0.7647058823529411\n",
      "0.0 0.23921568627450981 0.7607843137254902\n",
      "0.0 0.24313725490196078 0.7568627450980392\n",
      "0.0 0.24705882352941178 0.7529411764705882\n",
      "0.0 0.25098039215686274 0.7490196078431373\n",
      "0.0 0.2549019607843137 0.7450980392156863\n",
      "0.0 0.25882352941176473 0.7411764705882353\n",
      "0.0 0.2627450980392157 0.7372549019607844\n",
      "0.0 0.26666666666666666 0.7333333333333333\n",
      "0.0 0.27058823529411763 0.7294117647058823\n",
      "0.0 0.27450980392156865 0.7254901960784313\n",
      "0.0 0.2784313725490196 0.7215686274509804\n",
      "0.0 0.2823529411764706 0.7176470588235294\n",
      "0.0 0.28627450980392155 0.7137254901960784\n",
      "0.0 0.2901960784313726 0.7098039215686275\n",
      "0.0 0.29411764705882354 0.7058823529411765\n",
      "0.0 0.2980392156862745 0.7019607843137254\n",
      "0.0 0.30196078431372547 0.6980392156862745\n",
      "0.0 0.3058823529411765 0.6941176470588235\n",
      "0.0 0.30980392156862746 0.6901960784313725\n",
      "0.0 0.3137254901960784 0.6862745098039216\n",
      "0.0 0.3176470588235294 0.6823529411764706\n",
      "0.0 0.3215686274509804 0.6784313725490196\n",
      "0.0 0.3254901960784314 0.6745098039215687\n",
      "0.0 0.32941176470588235 0.6705882352941176\n",
      "0.0 0.3333333333333333 0.6666666666666666\n",
      "0.0 0.33725490196078434 0.6627450980392157\n",
      "0.0 0.3411764705882353 0.6588235294117647\n",
      "0.0 0.34509803921568627 0.6549019607843137\n",
      "0.0 0.34901960784313724 0.6509803921568628\n",
      "0.0 0.35294117647058826 0.6470588235294118\n",
      "0.0 0.3568627450980392 0.6431372549019608\n",
      "0.0 0.3607843137254902 0.6392156862745098\n",
      "0.0 0.36470588235294116 0.6352941176470588\n",
      "0.0 0.3686274509803922 0.6313725490196078\n",
      "0.0 0.37254901960784315 0.6274509803921569\n",
      "0.0 0.3764705882352941 0.6235294117647059\n",
      "0.0 0.3803921568627451 0.6196078431372549\n",
      "0.0 0.3843137254901961 0.615686274509804\n",
      "0.0 0.38823529411764707 0.611764705882353\n",
      "0.0 0.39215686274509803 0.6078431372549019\n",
      "0.0 0.396078431372549 0.6039215686274509\n",
      "0.0 0.4 0.6\n",
      "0.0 0.403921568627451 0.596078431372549\n",
      "0.0 0.40784313725490196 0.592156862745098\n",
      "0.0 0.4117647058823529 0.5882352941176471\n",
      "0.0 0.41568627450980394 0.5843137254901961\n",
      "0.0 0.4196078431372549 0.5803921568627451\n",
      "0.0 0.4235294117647059 0.5764705882352941\n",
      "0.0 0.42745098039215684 0.5725490196078431\n",
      "0.0 0.43137254901960786 0.5686274509803921\n",
      "0.0 0.43529411764705883 0.5647058823529412\n",
      "0.0 0.4392156862745098 0.5607843137254902\n",
      "0.0 0.44313725490196076 0.5568627450980392\n",
      "0.0 0.4470588235294118 0.5529411764705883\n",
      "0.0 0.45098039215686275 0.5490196078431373\n",
      "0.0 0.4549019607843137 0.5450980392156862\n",
      "0.0 0.4588235294117647 0.5411764705882353\n",
      "0.0 0.4627450980392157 0.5372549019607843\n",
      "0.0 0.4666666666666667 0.5333333333333333\n",
      "0.0 0.47058823529411764 0.5294117647058824\n",
      "0.0 0.4745098039215686 0.5254901960784314\n",
      "0.0 0.47843137254901963 0.5215686274509804\n",
      "0.0 0.4823529411764706 0.5176470588235295\n",
      "0.0 0.48627450980392156 0.5137254901960784\n",
      "0.0 0.49019607843137253 0.5098039215686274\n",
      "0.0 0.49411764705882355 0.5058823529411764\n",
      "0.0 0.4980392156862745 0.5019607843137255\n",
      "0.0 0.5019607843137255 0.4980392156862745\n",
      "0.0 0.5058823529411764 0.49411764705882355\n",
      "0.0 0.5098039215686274 0.49019607843137253\n",
      "0.0 0.5137254901960784 0.48627450980392156\n",
      "0.0 0.5176470588235295 0.4823529411764706\n",
      "0.0 0.5215686274509804 0.47843137254901963\n",
      "0.0 0.5254901960784314 0.4745098039215686\n",
      "0.0 0.5294117647058824 0.47058823529411764\n",
      "0.0 0.5333333333333333 0.4666666666666667\n",
      "0.0 0.5372549019607843 0.4627450980392157\n",
      "0.0 0.5411764705882353 0.4588235294117647\n",
      "0.0 0.5450980392156862 0.4549019607843137\n",
      "0.0 0.5490196078431373 0.45098039215686275\n",
      "0.0 0.5529411764705883 0.4470588235294118\n",
      "0.0 0.5568627450980392 0.44313725490196076\n",
      "0.0 0.5607843137254902 0.4392156862745098\n",
      "0.0 0.5647058823529412 0.43529411764705883\n",
      "0.0 0.5686274509803921 0.43137254901960786\n",
      "0.0 0.5725490196078431 0.42745098039215684\n",
      "0.0 0.5764705882352941 0.4235294117647059\n",
      "0.0 0.5803921568627451 0.4196078431372549\n",
      "0.0 0.5843137254901961 0.41568627450980394\n",
      "0.0 0.5882352941176471 0.4117647058823529\n",
      "0.0 0.592156862745098 0.40784313725490196\n",
      "0.0 0.596078431372549 0.403921568627451\n",
      "0.0 0.6 0.4\n",
      "0.0 0.6039215686274509 0.396078431372549\n",
      "0.0 0.6078431372549019 0.39215686274509803\n",
      "0.0 0.611764705882353 0.38823529411764707\n",
      "0.0 0.615686274509804 0.3843137254901961\n",
      "0.0 0.6196078431372549 0.3803921568627451\n",
      "0.0 0.6235294117647059 0.3764705882352941\n",
      "0.0 0.6274509803921569 0.37254901960784315\n",
      "0.0 0.6313725490196078 0.3686274509803922\n",
      "0.0 0.6352941176470588 0.36470588235294116\n",
      "0.0 0.6392156862745098 0.3607843137254902\n",
      "0.0 0.6431372549019608 0.3568627450980392\n",
      "0.0 0.6470588235294118 0.35294117647058826\n",
      "0.0 0.6509803921568628 0.34901960784313724\n",
      "0.0 0.6549019607843137 0.34509803921568627\n",
      "0.0 0.6588235294117647 0.3411764705882353\n",
      "0.0 0.6627450980392157 0.33725490196078434\n",
      "0.0 0.6666666666666666 0.3333333333333333\n",
      "0.0 0.6705882352941176 0.32941176470588235\n",
      "0.0 0.6745098039215687 0.3254901960784314\n",
      "0.0 0.6784313725490196 0.3215686274509804\n",
      "0.0 0.6823529411764706 0.3176470588235294\n",
      "0.0 0.6862745098039216 0.3137254901960784\n",
      "0.0 0.6901960784313725 0.30980392156862746\n",
      "0.0 0.6941176470588235 0.3058823529411765\n",
      "0.0 0.6980392156862745 0.30196078431372547\n",
      "0.0 0.7019607843137254 0.2980392156862745\n",
      "0.0 0.7058823529411765 0.29411764705882354\n",
      "0.0 0.7098039215686275 0.2901960784313726\n",
      "0.0 0.7137254901960784 0.28627450980392155\n",
      "0.0 0.7176470588235294 0.2823529411764706\n",
      "0.0 0.7215686274509804 0.2784313725490196\n",
      "0.0 0.7254901960784313 0.27450980392156865\n",
      "0.0 0.7294117647058823 0.27058823529411763\n",
      "0.0 0.7333333333333333 0.26666666666666666\n",
      "0.0 0.7372549019607844 0.2627450980392157\n",
      "0.0 0.7411764705882353 0.25882352941176473\n",
      "0.0 0.7450980392156863 0.2549019607843137\n",
      "0.0 0.7490196078431373 0.25098039215686274\n",
      "0.0 0.7529411764705882 0.24705882352941178\n",
      "0.0 0.7568627450980392 0.24313725490196078\n",
      "0.0 0.7607843137254902 0.23921568627450981\n",
      "0.0 0.7647058823529411 0.23529411764705882\n",
      "0.0 0.7686274509803922 0.23137254901960785\n",
      "0.0 0.7725490196078432 0.22745098039215686\n",
      "0.0 0.7764705882352941 0.2235294117647059\n",
      "0.0 0.7803921568627451 0.2196078431372549\n",
      "0.0 0.7843137254901961 0.21568627450980393\n",
      "0.0 0.788235294117647 0.21176470588235294\n",
      "0.0 0.792156862745098 0.20784313725490197\n",
      "0.0 0.796078431372549 0.20392156862745098\n",
      "0.0 0.8 0.2\n",
      "0.0 0.803921568627451 0.19607843137254902\n",
      "0.0 0.807843137254902 0.19215686274509805\n",
      "0.0 0.8117647058823529 0.18823529411764706\n",
      "0.0 0.8156862745098039 0.1843137254901961\n",
      "0.0 0.8196078431372549 0.1803921568627451\n",
      "0.0 0.8235294117647058 0.17647058823529413\n",
      "0.0 0.8274509803921568 0.17254901960784313\n",
      "0.0 0.8313725490196079 0.16862745098039217\n",
      "0.0 0.8352941176470589 0.16470588235294117\n",
      "0.0 0.8392156862745098 0.1607843137254902\n",
      "0.0 0.8431372549019608 0.1568627450980392\n",
      "0.0 0.8470588235294118 0.15294117647058825\n",
      "0.0 0.8509803921568627 0.14901960784313725\n",
      "0.0 0.8549019607843137 0.1450980392156863\n",
      "0.0 0.8588235294117647 0.1411764705882353\n",
      "0.0 0.8627450980392157 0.13725490196078433\n",
      "0.0 0.8666666666666667 0.13333333333333333\n",
      "0.0 0.8705882352941177 0.12941176470588237\n",
      "0.0 0.8745098039215686 0.12549019607843137\n",
      "0.0 0.8784313725490196 0.12156862745098039\n",
      "0.0 0.8823529411764706 0.11764705882352941\n",
      "0.0 0.8862745098039215 0.11372549019607843\n",
      "0.0 0.8901960784313725 0.10980392156862745\n",
      "0.0 0.8941176470588236 0.10588235294117647\n",
      "0.0 0.8980392156862745 0.10196078431372549\n",
      "0.0 0.9019607843137255 0.09803921568627451\n",
      "0.0 0.9058823529411765 0.09411764705882353\n",
      "0.0 0.9098039215686274 0.09019607843137255\n",
      "0.0 0.9137254901960784 0.08627450980392157\n",
      "0.0 0.9176470588235294 0.08235294117647059\n",
      "0.0 0.9215686274509803 0.0784313725490196\n",
      "0.0 0.9254901960784314 0.07450980392156863\n",
      "0.0 0.9294117647058824 0.07058823529411765\n",
      "0.0 0.9333333333333333 0.06666666666666667\n",
      "0.0 0.9372549019607843 0.06274509803921569\n",
      "0.0 0.9411764705882353 0.058823529411764705\n",
      "0.0 0.9450980392156862 0.054901960784313725\n",
      "0.0 0.9490196078431372 0.050980392156862744\n",
      "0.0 0.9529411764705882 0.047058823529411764\n",
      "0.0 0.9568627450980393 0.043137254901960784\n",
      "0.0 0.9607843137254902 0.0392156862745098\n",
      "0.0 0.9647058823529412 0.03529411764705882\n",
      "0.0 0.9686274509803922 0.03137254901960784\n",
      "0.0 0.9725490196078431 0.027450980392156862\n",
      "0.0 0.9764705882352941 0.023529411764705882\n",
      "0.0 0.9803921568627451 0.0196078431372549\n",
      "0.0 0.984313725490196 0.01568627450980392\n",
      "0.0 0.9882352941176471 0.011764705882352941\n",
      "0.0 0.9921568627450981 0.00784313725490196\n",
      "0.0 0.996078431372549 0.00392156862745098\n",
      "0.0 1.0 0.0\n",
      "0.00392156862745098 0.0 0.996078431372549\n",
      "0.00392156862745098 0.00392156862745098 0.9921568627450981\n",
      "0.00392156862745098 0.00784313725490196 0.9882352941176471\n",
      "0.00392156862745098 0.011764705882352941 0.984313725490196\n",
      "0.00392156862745098 0.01568627450980392 0.9803921568627451\n",
      "0.00392156862745098 0.0196078431372549 0.9764705882352941\n",
      "0.00392156862745098 0.023529411764705882 0.9725490196078431\n",
      "0.00392156862745098 0.027450980392156862 0.9686274509803922\n",
      "0.00392156862745098 0.03137254901960784 0.9647058823529412\n",
      "0.00392156862745098 0.03529411764705882 0.9607843137254902\n",
      "0.00392156862745098 0.0392156862745098 0.9568627450980393\n",
      "0.00392156862745098 0.043137254901960784 0.9529411764705882\n",
      "0.00392156862745098 0.047058823529411764 0.9490196078431372\n",
      "0.00392156862745098 0.050980392156862744 0.9450980392156862\n",
      "0.00392156862745098 0.054901960784313725 0.9411764705882353\n",
      "0.00392156862745098 0.058823529411764705 0.9372549019607843\n",
      "0.00392156862745098 0.06274509803921569 0.9333333333333333\n",
      "0.00392156862745098 0.06666666666666667 0.9294117647058824\n",
      "0.00392156862745098 0.07058823529411765 0.9254901960784314\n",
      "0.00392156862745098 0.07450980392156863 0.9215686274509803\n",
      "0.00392156862745098 0.0784313725490196 0.9176470588235294\n",
      "0.00392156862745098 0.08235294117647059 0.9137254901960784\n",
      "0.00392156862745098 0.08627450980392157 0.9098039215686274\n",
      "0.00392156862745098 0.09019607843137255 0.9058823529411765\n",
      "0.00392156862745098 0.09411764705882353 0.9019607843137255\n",
      "0.00392156862745098 0.09803921568627451 0.8980392156862745\n",
      "0.00392156862745098 0.10196078431372549 0.8941176470588236\n",
      "0.00392156862745098 0.10588235294117647 0.8901960784313725\n",
      "0.00392156862745098 0.10980392156862745 0.8862745098039215\n",
      "0.00392156862745098 0.11372549019607843 0.8823529411764706\n",
      "0.00392156862745098 0.11764705882352941 0.8784313725490196\n",
      "0.00392156862745098 0.12156862745098039 0.8745098039215686\n",
      "0.00392156862745098 0.12549019607843137 0.8705882352941177\n",
      "0.00392156862745098 0.12941176470588237 0.8666666666666667\n",
      "0.00392156862745098 0.13333333333333333 0.8627450980392157\n",
      "0.00392156862745098 0.13725490196078433 0.8588235294117647\n",
      "0.00392156862745098 0.1411764705882353 0.8549019607843137\n",
      "0.00392156862745098 0.1450980392156863 0.8509803921568627\n",
      "0.00392156862745098 0.14901960784313725 0.8470588235294118\n",
      "0.00392156862745098 0.15294117647058825 0.8431372549019608\n",
      "0.00392156862745098 0.1568627450980392 0.8392156862745098\n",
      "0.00392156862745098 0.1607843137254902 0.8352941176470589\n",
      "0.00392156862745098 0.16470588235294117 0.8313725490196079\n",
      "0.00392156862745098 0.16862745098039217 0.8274509803921568\n",
      "0.00392156862745098 0.17254901960784313 0.8235294117647058\n",
      "0.00392156862745098 0.17647058823529413 0.8196078431372549\n",
      "0.00392156862745098 0.1803921568627451 0.8156862745098039\n",
      "0.00392156862745098 0.1843137254901961 0.8117647058823529\n",
      "0.00392156862745098 0.18823529411764706 0.807843137254902\n",
      "0.00392156862745098 0.19215686274509805 0.803921568627451\n",
      "0.00392156862745098 0.19607843137254902 0.8\n",
      "0.00392156862745098 0.2 0.796078431372549\n",
      "0.00392156862745098 0.20392156862745098 0.792156862745098\n",
      "0.00392156862745098 0.20784313725490197 0.788235294117647\n",
      "0.00392156862745098 0.21176470588235294 0.7843137254901961\n",
      "0.00392156862745098 0.21568627450980393 0.7803921568627451\n",
      "0.00392156862745098 0.2196078431372549 0.7764705882352941\n",
      "0.00392156862745098 0.2235294117647059 0.7725490196078432\n",
      "0.00392156862745098 0.22745098039215686 0.7686274509803922\n",
      "0.00392156862745098 0.23137254901960785 0.7647058823529411\n",
      "0.00392156862745098 0.23529411764705882 0.7607843137254902\n",
      "0.00392156862745098 0.23921568627450981 0.7568627450980392\n",
      "0.00392156862745098 0.24313725490196078 0.7529411764705882\n",
      "0.00392156862745098 0.24705882352941178 0.7490196078431373\n",
      "0.00392156862745098 0.25098039215686274 0.7450980392156863\n",
      "0.00392156862745098 0.2549019607843137 0.7411764705882353\n",
      "0.00392156862745098 0.25882352941176473 0.7372549019607844\n",
      "0.00392156862745098 0.2627450980392157 0.7333333333333333\n",
      "0.00392156862745098 0.26666666666666666 0.7294117647058823\n",
      "0.00392156862745098 0.27058823529411763 0.7254901960784313\n",
      "0.00392156862745098 0.27450980392156865 0.7215686274509804\n",
      "0.00392156862745098 0.2784313725490196 0.7176470588235294\n",
      "0.00392156862745098 0.2823529411764706 0.7137254901960784\n",
      "0.00392156862745098 0.28627450980392155 0.7098039215686275\n",
      "0.00392156862745098 0.2901960784313726 0.7058823529411765\n",
      "0.00392156862745098 0.29411764705882354 0.7019607843137254\n",
      "0.00392156862745098 0.2980392156862745 0.6980392156862745\n",
      "0.00392156862745098 0.30196078431372547 0.6941176470588235\n",
      "0.00392156862745098 0.3058823529411765 0.6901960784313725\n",
      "0.00392156862745098 0.30980392156862746 0.6862745098039216\n",
      "0.00392156862745098 0.3137254901960784 0.6823529411764706\n",
      "0.00392156862745098 0.3176470588235294 0.6784313725490196\n",
      "0.00392156862745098 0.3215686274509804 0.6745098039215687\n",
      "0.00392156862745098 0.3254901960784314 0.6705882352941176\n",
      "0.00392156862745098 0.32941176470588235 0.6666666666666666\n",
      "0.00392156862745098 0.3333333333333333 0.6627450980392157\n",
      "0.00392156862745098 0.33725490196078434 0.6588235294117647\n",
      "0.00392156862745098 0.3411764705882353 0.6549019607843137\n",
      "0.00392156862745098 0.34509803921568627 0.6509803921568628\n",
      "0.00392156862745098 0.34901960784313724 0.6470588235294118\n",
      "0.00392156862745098 0.35294117647058826 0.6431372549019608\n",
      "0.00392156862745098 0.3568627450980392 0.6392156862745098\n",
      "0.00392156862745098 0.3607843137254902 0.6352941176470588\n",
      "0.00392156862745098 0.36470588235294116 0.6313725490196078\n",
      "0.00392156862745098 0.3686274509803922 0.6274509803921569\n",
      "0.00392156862745098 0.37254901960784315 0.6235294117647059\n",
      "0.00392156862745098 0.3764705882352941 0.6196078431372549\n",
      "0.00392156862745098 0.3803921568627451 0.615686274509804\n",
      "0.00392156862745098 0.3843137254901961 0.611764705882353\n",
      "0.00392156862745098 0.38823529411764707 0.6078431372549019\n",
      "0.00392156862745098 0.39215686274509803 0.6039215686274509\n",
      "0.00392156862745098 0.396078431372549 0.6\n",
      "0.00392156862745098 0.4 0.596078431372549\n",
      "0.00392156862745098 0.403921568627451 0.592156862745098\n",
      "0.00392156862745098 0.40784313725490196 0.5882352941176471\n",
      "0.00392156862745098 0.4117647058823529 0.5843137254901961\n",
      "0.00392156862745098 0.41568627450980394 0.5803921568627451\n",
      "0.00392156862745098 0.4196078431372549 0.5764705882352941\n",
      "0.00392156862745098 0.4235294117647059 0.5725490196078431\n",
      "0.00392156862745098 0.42745098039215684 0.5686274509803921\n",
      "0.00392156862745098 0.43137254901960786 0.5647058823529412\n",
      "0.00392156862745098 0.43529411764705883 0.5607843137254902\n",
      "0.00392156862745098 0.4392156862745098 0.5568627450980392\n",
      "0.00392156862745098 0.44313725490196076 0.5529411764705883\n",
      "0.00392156862745098 0.4470588235294118 0.5490196078431373\n",
      "0.00392156862745098 0.45098039215686275 0.5450980392156862\n",
      "0.00392156862745098 0.4549019607843137 0.5411764705882353\n",
      "0.00392156862745098 0.4588235294117647 0.5372549019607843\n",
      "0.00392156862745098 0.4627450980392157 0.5333333333333333\n",
      "0.00392156862745098 0.4666666666666667 0.5294117647058824\n",
      "0.00392156862745098 0.47058823529411764 0.5254901960784314\n",
      "0.00392156862745098 0.4745098039215686 0.5215686274509804\n",
      "0.00392156862745098 0.47843137254901963 0.5176470588235295\n",
      "0.00392156862745098 0.4823529411764706 0.5137254901960784\n",
      "0.00392156862745098 0.48627450980392156 0.5098039215686274\n",
      "0.00392156862745098 0.49019607843137253 0.5058823529411764\n",
      "0.00392156862745098 0.49411764705882355 0.5019607843137255\n",
      "0.00392156862745098 0.4980392156862745 0.4980392156862745\n",
      "0.00392156862745098 0.5019607843137255 0.49411764705882355\n",
      "0.00392156862745098 0.5058823529411764 0.49019607843137253\n",
      "0.00392156862745098 0.5098039215686274 0.48627450980392156\n",
      "0.00392156862745098 0.5137254901960784 0.4823529411764706\n",
      "0.00392156862745098 0.5176470588235295 0.47843137254901963\n",
      "0.00392156862745098 0.5215686274509804 0.4745098039215686\n",
      "0.00392156862745098 0.5254901960784314 0.47058823529411764\n",
      "0.00392156862745098 0.5294117647058824 0.4666666666666667\n",
      "0.00392156862745098 0.5333333333333333 0.4627450980392157\n",
      "0.00392156862745098 0.5372549019607843 0.4588235294117647\n",
      "0.00392156862745098 0.5411764705882353 0.4549019607843137\n",
      "0.00392156862745098 0.5450980392156862 0.45098039215686275\n",
      "0.00392156862745098 0.5490196078431373 0.4470588235294118\n",
      "0.00392156862745098 0.5529411764705883 0.44313725490196076\n",
      "0.00392156862745098 0.5568627450980392 0.4392156862745098\n",
      "0.00392156862745098 0.5607843137254902 0.43529411764705883\n",
      "0.00392156862745098 0.5647058823529412 0.43137254901960786\n",
      "0.00392156862745098 0.5686274509803921 0.42745098039215684\n",
      "0.00392156862745098 0.5725490196078431 0.4235294117647059\n",
      "0.00392156862745098 0.5764705882352941 0.4196078431372549\n",
      "0.00392156862745098 0.5803921568627451 0.41568627450980394\n",
      "0.00392156862745098 0.5843137254901961 0.4117647058823529\n",
      "0.00392156862745098 0.5882352941176471 0.40784313725490196\n",
      "0.00392156862745098 0.592156862745098 0.403921568627451\n",
      "0.00392156862745098 0.596078431372549 0.4\n",
      "0.00392156862745098 0.6 0.396078431372549\n",
      "0.00392156862745098 0.6039215686274509 0.39215686274509803\n",
      "0.00392156862745098 0.6078431372549019 0.38823529411764707\n",
      "0.00392156862745098 0.611764705882353 0.3843137254901961\n",
      "0.00392156862745098 0.615686274509804 0.3803921568627451\n",
      "0.00392156862745098 0.6196078431372549 0.3764705882352941\n",
      "0.00392156862745098 0.6235294117647059 0.37254901960784315\n",
      "0.00392156862745098 0.6274509803921569 0.3686274509803922\n",
      "0.00392156862745098 0.6313725490196078 0.36470588235294116\n",
      "0.00392156862745098 0.6352941176470588 0.3607843137254902\n",
      "0.00392156862745098 0.6392156862745098 0.3568627450980392\n",
      "0.00392156862745098 0.6431372549019608 0.35294117647058826\n",
      "0.00392156862745098 0.6470588235294118 0.34901960784313724\n",
      "0.00392156862745098 0.6509803921568628 0.34509803921568627\n",
      "0.00392156862745098 0.6549019607843137 0.3411764705882353\n",
      "0.00392156862745098 0.6588235294117647 0.33725490196078434\n",
      "0.00392156862745098 0.6627450980392157 0.3333333333333333\n",
      "0.00392156862745098 0.6666666666666666 0.32941176470588235\n",
      "0.00392156862745098 0.6705882352941176 0.3254901960784314\n",
      "0.00392156862745098 0.6745098039215687 0.3215686274509804\n",
      "0.00392156862745098 0.6784313725490196 0.3176470588235294\n",
      "0.00392156862745098 0.6823529411764706 0.3137254901960784\n",
      "0.00392156862745098 0.6862745098039216 0.30980392156862746\n",
      "0.00392156862745098 0.6901960784313725 0.3058823529411765\n",
      "0.00392156862745098 0.6941176470588235 0.30196078431372547\n",
      "0.00392156862745098 0.6980392156862745 0.2980392156862745\n",
      "0.00392156862745098 0.7019607843137254 0.29411764705882354\n",
      "0.00392156862745098 0.7058823529411765 0.2901960784313726\n",
      "0.00392156862745098 0.7098039215686275 0.28627450980392155\n",
      "0.00392156862745098 0.7137254901960784 0.2823529411764706\n",
      "0.00392156862745098 0.7176470588235294 0.2784313725490196\n",
      "0.00392156862745098 0.7215686274509804 0.27450980392156865\n",
      "0.00392156862745098 0.7254901960784313 0.27058823529411763\n",
      "0.00392156862745098 0.7294117647058823 0.26666666666666666\n",
      "0.00392156862745098 0.7333333333333333 0.2627450980392157\n",
      "0.00392156862745098 0.7372549019607844 0.25882352941176473\n",
      "0.00392156862745098 0.7411764705882353 0.2549019607843137\n",
      "0.00392156862745098 0.7450980392156863 0.25098039215686274\n",
      "0.00392156862745098 0.7490196078431373 0.24705882352941178\n",
      "0.00392156862745098 0.7529411764705882 0.24313725490196078\n",
      "0.00392156862745098 0.7568627450980392 0.23921568627450981\n",
      "0.00392156862745098 0.7607843137254902 0.23529411764705882\n",
      "0.00392156862745098 0.7647058823529411 0.23137254901960785\n",
      "0.00392156862745098 0.7686274509803922 0.22745098039215686\n",
      "0.00392156862745098 0.7725490196078432 0.2235294117647059\n",
      "0.00392156862745098 0.7764705882352941 0.2196078431372549\n",
      "0.00392156862745098 0.7803921568627451 0.21568627450980393\n",
      "0.00392156862745098 0.7843137254901961 0.21176470588235294\n",
      "0.00392156862745098 0.788235294117647 0.20784313725490197\n",
      "0.00392156862745098 0.792156862745098 0.20392156862745098\n",
      "0.00392156862745098 0.796078431372549 0.2\n",
      "0.00392156862745098 0.8 0.19607843137254902\n",
      "0.00392156862745098 0.803921568627451 0.19215686274509805\n",
      "0.00392156862745098 0.807843137254902 0.18823529411764706\n",
      "0.00392156862745098 0.8117647058823529 0.1843137254901961\n",
      "0.00392156862745098 0.8156862745098039 0.1803921568627451\n",
      "0.00392156862745098 0.8196078431372549 0.17647058823529413\n",
      "0.00392156862745098 0.8235294117647058 0.17254901960784313\n",
      "0.00392156862745098 0.8274509803921568 0.16862745098039217\n",
      "0.00392156862745098 0.8313725490196079 0.16470588235294117\n",
      "0.00392156862745098 0.8352941176470589 0.1607843137254902\n",
      "0.00392156862745098 0.8392156862745098 0.1568627450980392\n",
      "0.00392156862745098 0.8431372549019608 0.15294117647058825\n",
      "0.00392156862745098 0.8470588235294118 0.14901960784313725\n",
      "0.00392156862745098 0.8509803921568627 0.1450980392156863\n",
      "0.00392156862745098 0.8549019607843137 0.1411764705882353\n",
      "0.00392156862745098 0.8588235294117647 0.13725490196078433\n",
      "0.00392156862745098 0.8627450980392157 0.13333333333333333\n",
      "0.00392156862745098 0.8666666666666667 0.12941176470588237\n",
      "0.00392156862745098 0.8705882352941177 0.12549019607843137\n",
      "0.00392156862745098 0.8745098039215686 0.12156862745098039\n",
      "0.00392156862745098 0.8784313725490196 0.11764705882352941\n",
      "0.00392156862745098 0.8823529411764706 0.11372549019607843\n",
      "0.00392156862745098 0.8862745098039215 0.10980392156862745\n",
      "0.00392156862745098 0.8901960784313725 0.10588235294117647\n",
      "0.00392156862745098 0.8941176470588236 0.10196078431372549\n",
      "0.00392156862745098 0.8980392156862745 0.09803921568627451\n",
      "0.00392156862745098 0.9019607843137255 0.09411764705882353\n",
      "0.00392156862745098 0.9058823529411765 0.09019607843137255\n",
      "0.00392156862745098 0.9098039215686274 0.08627450980392157\n",
      "0.00392156862745098 0.9137254901960784 0.08235294117647059\n",
      "0.00392156862745098 0.9176470588235294 0.0784313725490196\n",
      "0.00392156862745098 0.9215686274509803 0.07450980392156863\n",
      "0.00392156862745098 0.9254901960784314 0.07058823529411765\n",
      "0.00392156862745098 0.9294117647058824 0.06666666666666667\n",
      "0.00392156862745098 0.9333333333333333 0.06274509803921569\n",
      "0.00392156862745098 0.9372549019607843 0.058823529411764705\n",
      "0.00392156862745098 0.9411764705882353 0.054901960784313725\n",
      "0.00392156862745098 0.9450980392156862 0.050980392156862744\n",
      "0.00392156862745098 0.9490196078431372 0.047058823529411764\n",
      "0.00392156862745098 0.9529411764705882 0.043137254901960784\n",
      "0.00392156862745098 0.9568627450980393 0.0392156862745098\n",
      "0.00392156862745098 0.9607843137254902 0.03529411764705882\n",
      "0.00392156862745098 0.9647058823529412 0.03137254901960784\n",
      "0.00392156862745098 0.9686274509803922 0.027450980392156862\n",
      "0.00392156862745098 0.9725490196078431 0.023529411764705882\n",
      "0.00392156862745098 0.9764705882352941 0.0196078431372549\n",
      "0.00392156862745098 0.9803921568627451 0.01568627450980392\n",
      "0.00392156862745098 0.984313725490196 0.011764705882352941\n",
      "0.00392156862745098 0.9882352941176471 0.00784313725490196\n",
      "0.00392156862745098 0.9921568627450981 0.00392156862745098\n",
      "0.00392156862745098 0.996078431372549 0.0\n",
      "0.00784313725490196 0.0 0.9921568627450981\n",
      "0.00784313725490196 0.00392156862745098 0.9882352941176471\n",
      "0.00784313725490196 0.00784313725490196 0.984313725490196\n",
      "0.00784313725490196 0.011764705882352941 0.9803921568627451\n",
      "0.00784313725490196 0.01568627450980392 0.9764705882352941\n",
      "0.00784313725490196 0.0196078431372549 0.9725490196078431\n",
      "0.00784313725490196 0.023529411764705882 0.9686274509803922\n",
      "0.00784313725490196 0.027450980392156862 0.9647058823529412\n",
